相机坐标系到标定块坐标系的
[0.754252571, 0.64756621, - 0.108448434, - 90.40384004],
[-0.651483068, 0.75866263, -0.000908224, 110.4216461],
[0.081687639, 0.071337349, 0.994101661, 994.3075799],
[0, 0, 0, 1]

标定块坐标系到基坐标系的
[0.750757, 0.660578, 0.009498, 341.94],
[-0.660534, 0.750688, 0.012706, 1513.68],
[0.007682, -0.010165, 0.999919, -305.18],
[0, 0, 0, 1]

相机坐标系到基坐标系的,直接用相机下的三维坐标左乘，ps：在计算时，定义了相机坐标系的z轴是向上的，（即基本和基坐标系方向一致）
[   0.13668088    0.98799827   -0.0725764   356.45472779]
[  -0.98623207    0.14268585    0.08358314 1668.92068685]
[   0.09409752    0.06859437    0.99319727  687.23012265]
[   0.            0.            0.            1.        ]